1983: 060 015 020 026 004 035 057 061 012 432 288 065 448 130 175 
1984: 093 592 144 649 512 024 997 160 020 119 106 401 015 038 036 
1985: 384 026 198 032 986 315 757 061 049 600 085 182 401 025 864 
1986: 337 104 150 181 890 033 981 141 306 358 816 061 560 750 400 
1987: 300 137 182 480 588 193 070 112 033 120 486 019 931 373 462 
1988: 770 169 027 020 634 142 110 364 192 840 163 441 987 084 704 
1989: 869 968 750 675 283 160 925 334 144 994 947 137 905 490 108 
1990: 528 828 117 013 432 840 089 560 073 144 023 720 184 594 020 
1991: 146 840 166 159 128 743 383 010 044 532 135 677 990 384 012 
1992: 400 502 164 062 660 156 320 819 164 572 945 792 820 094 396 
1993: 728 580 943 870 763 495 005 365 118 250 093 344 163 448 997 
1994: 063 312 561 312 103 660 072 315 394 450 465 702 850 071 597 
1995: 255 025 067 224 051 589 027 085 616 215 040 005 400 378 037 
1996: 200 340 044 166 023 049 300 799 342 159 276 058 065 768 777 
1997: 750 125 126 017 417 042 198 090 233 117 241 058 066 582 554 
1998: 025 480 800 017 040 308 196 618 087 152 525 083 368 130 761 
1999: 029 118 038 185 223 314 650 025 259 489 177 345 742 463 408 
2000I: 008 021 667 260 026 997 005 052 025 173 248 177 731 571 927 
2000II: 007 098 758 180 376 181 137 110 000 647 131 118 200 495 001 
2001I: 630 651 500 291 937 079 923 315 061 200 149 005 174 351 085 
2001II: 816 298 898 067 253 251 725 429 929 784 341 101 069 840 417 
2002I: 059 154 025 840 183 012 428 748 757 148 230 275 063 030 163 
2002II: 009 294 111 803 042 521 112 049 501 900 518 660 901 098 282 
2003I: 839 301 484 012 505 348 380 129 615 083 092 777 155 127 289 
2003II: 336 120 192 028 216 112 400 348 006 156 578 134 683 051 015 
2004I: 217 201 241 086 849 882 588 199 035 817 512 014 482 813 511 
2004II: 592 441 384 927 766 408 293 054 973 913 625 134 484 108 593 
2005I: 942 012 109 294 630 045 150 113 074 047 544 025 083 936 038 
2005II: 013 079 802 435 054 392 125 405 250 011 889 307 418 463 169 
2006I: 084 901 725 124 936 360 408 089 046 065 458 906 899 183 027 
2006II: 046 893 049 462 029 012 738 336 027 831 834 865 015 063 009 
2007I: 083 052 015 105 539 169 477 030 737 860 955 875 080 224 989 
2007II: 372 200 578 450 888 640 553 896 259 710 179 091 640 676 389 
2008I: 252 025 314 080 014 017 708 047 190 032 172 375 040 432 871 
2008II: 100 620 729 021 504 561 753 251 019 240 254 310 029 007 181 
2009I: 840 697 011 177 072 412 041 398 420 346 600 011 090 905 150 
2009II: 114 469 141 089 032 750 401 041 000 096 125 803 672 983 014 
2010I: 107 109 529 515 501 406 760 132 158 202 365 243 069 109 045 
2010II: 640 281 150 052 075 008 136 772 011 163 068 676 263 007 218 
2011I: 085 036 031 056 144 011 016 318 192 503 007 594 330 037 098 
2011II: 037 810 143 051 542 080 003 784 559 057 073 097 096 440 850 
2012I: 040 195 216 279 330 071 280 089 049 170 373 018 041 375 332 
2012II: 034 363 088 061 750 125 032 040 107 496 008 958 677 016 919 
2013I: 150 200 018 429 098 047 041 371 113 080 148 021 961 036 272 
2013II: 275 881 350 040 020 282 945 272 106 146 399 540 010 512 222 
2014I: 790 144 200 049 134 036 100 937 002 058 391 453 850 263 041 
2014II: 334 076 720 447 420 167 021 254 581 147 056 399 028 077 149 
2015I: 722 139 307 507 341 058 539 695 494 072 108 431 091 483 053 
2015II: 131 025 476 018 090 440 161 036 384 486 023 548 628 089 129 
2016I: 336 071 810 108 053 013 103 162 744 504 109 132 273 574 270 
2016II: 108 107 265 180 182 275 840 728 262 043 749 732 371 450 863 
2017I: 390 062 069 803 321 048 564 041 045 056 360 252 059 896 145 
2017II: 196 781 409 222 791 195 501 134 013 546 544 110 245 168 682 
2018I: 600 925 157 289 189 440 052 147 210 004 195 683 126 351 059 
2018II: 800 112 371 023 074 037 020 556 184 756 461 112 647 227 185 
2019I: 342 029 120 122 252 090 880 067 540 352 020 230 032 097 065 
2019II: 059 107 096 187 520 216 715 053 472 547 011 047 504 071 574 
2020I: 547 017 621 093 052 173 081 103 077 407 510 270 036 085 058 
2020II: 231 171 103 108 151 626 298 101 090 239 071 248 060 010 717 
2021I: 097 109 050 331 031 192 063 057 567 059 301 019 672 125 285 
2021II: 550 336 080 330 736 454 145 049 295 335 258 047 797 592 258 
